station_code,country,land,lat,lon,fold,pollutant,true,pred
BELAL02,BE,,51.30505,4.23356,fold2_france,pm25,8.681218949576861,14.88706439545947
BELAL03,BE,,51.254235,4.20087,fold2_france,pm25,9.2387070890967,11.182300363159364
BELAL04,BE,,51.290945,4.292675,fold2_france,pm25,9.544191820347697,10.83580759365016
BELAL05,BE,,51.26365,4.27762,fold2_france,pm25,9.093057323753813,10.625904828911153
BELAT83,BE,,51.3398,4.30499,fold2_france,pm25,8.540394523947198,10.041621089650183
BELEG05,BE,,51.17405,3.78608,fold2_france,pm25,10.089626334189447,10.564760847847715
BELGK37,BE,,50.93175,5.52109,fold2_france,pm25,9.121648215882674,8.203888327899499
BELHB23,BE,,51.17029,4.34093,fold2_france,pm25,7.925452859464248,9.135632996621613
BELHH08,BE,,51.03158,5.37637,fold2_france,pm25,8.5501808904009,7.882310630778843
BELMN01,BE,,50.79355,3.10965,fold2_france,pm25,9.716976178763572,8.450753769834545
BELOB01,BE,,50.91714,3.3074,fold2_france,pm25,10.362883688037739,8.192118145094055
BELRL01,BE,,50.95337,3.12108,fold2_france,pm25,9.441992275237313,8.380901552138033
BELSA04,BE,,51.31474,4.40514,fold2_france,pm25,8.83217824719547,8.668926265886267
BELSZ05,BE,,50.91665,4.51518,fold2_france,pm25,8.387775039780372,11.53166447130049
BETAL09,BE,,51.21989,4.36846,fold2_france,pm25,8.718736590270277,10.133328372429965
BETAL10,BE,,51.21989,4.36846,fold2_france,pm25,9.297160807141466,10.133328372429965
BETB011,BE,,50.85781,4.28871,fold2_france,pm25,7.395462951699766,7.950852595786235
BETDU07,BE,,51.22635,4.44879,fold2_france,pm25,10.08139786463762,11.434587562153366
BETH201,BE,,50.62499,5.54746,fold2_france,pm25,6.078395725489728,6.952560286110868
BETM204,BE,,50.61192,5.61115,fold2_france,pm25,5.472364800896495,8.914473203167377
BETM705,BE,,50.94536,3.1524,fold2_france,pm25,9.874458242043763,8.939556726797349
BETM802,BE,,51.26099,4.4244,fold2_france,pm25,9.776273162090114,9.539842890121944
BETMEU1,BE,,50.895,4.39572,fold2_france,pm25,7.7519529833709235,8.46415382203335
BETMK02,BE,,51.25051,4.42752,fold2_france,pm25,9.354446830450204,9.727466426836985
BETN012,BE,,51.25457,3.36254,fold2_france,pm25,8.9877920687881,12.504504167124837
BETN016,BE,,51.23365,5.16398,fold2_france,pm25,8.97601134807537,11.458297048269534
BETN029,BE,,51.01628,2.58232,fold2_france,pm25,8.190187524201791,11.879132444251978
BETN035,BE,,50.97758,4.83762,fold2_france,pm25,8.42998056635844,8.192172794068984
BETN043,BE,,50.88369,4.38298,fold2_france,pm25,6.9422979111140295,10.725375841223045
BETN047,BE,,50.93554,5.35321,fold2_france,pm25,8.690706603445124,9.924013827489452
BETN052,BE,,50.81487,3.32249,fold2_france,pm25,9.09228515154717,8.06763268815307
BETN054,BE,,50.71171,5.10316,fold2_france,pm25,7.327775451230823,10.005211365128108
BETN060,BE,,50.61671,3.45763,fold2_france,pm25,7.933713420797026,8.535002788153445
BETN064,BE,,50.72089,4.49436,fold2_france,pm25,7.838307931210352,7.735374886743891
BETN067,BE,,50.61284,5.99144,fold2_france,pm25,4.923455612396472,6.719017683295196
BETN070,BE,,50.46519,3.93971,fold2_france,pm25,8.123415001671274,8.190985564805965
BETN073,BE,,50.50272,4.98842,fold2_france,pm25,6.631973213791548,7.28447381800505
BETN085,BE,,50.30321,6.00174,fold2_france,pm25,3.3652249656924598,6.095793784422229
BETN093,BE,,50.27448,5.23517,fold2_france,pm25,4.92429463364988,8.369562427665272
BETN100,BE,,50.09568,4.59476,fold2_france,pm25,4.143970695021935,7.1443554391135144
BETN113,BE,,50.02703,5.59302,fold2_france,pm25,2.6093015000487325,6.6053926723506295
BETN121,BE,,49.87713,5.20239,fold2_france,pm25,3.6548654744740126,6.108151405305922
BETN132,BE,,49.71928,5.6304,fold2_france,pm25,4.0164464124618275,6.556710287721802
BETR001,BE,,50.84971,4.3341,fold2_france,pm25,8.451866354840538,8.772649294300715
BETR012,BE,,50.79665,4.35862,fold2_france,pm25,6.980590989432566,7.986750789655808
BETR020,BE,,50.94139,4.43672,fold2_france,pm25,9.426401608849512,11.611451613610887
BETR215,BE,,50.72797,5.69015,fold2_france,pm25,6.9570128275421546,10.014453617665248
BETR221,BE,,50.65844,5.62784,fold2_france,pm25,6.5852549606786805,9.143686188787484
BETR222,BE,,50.61341,5.57022,fold2_france,pm25,6.2804393713350395,7.9970532820450755
BETR223,BE,,50.62067,5.5164,fold2_france,pm25,6.704482865914167,8.36616891648505
BETR237,BE,,50.65381,5.47038,fold2_france,pm25,6.344923556488105,10.334234981302526
BETR240,BE,,50.58361,5.39745,fold2_france,pm25,6.46100046292006,7.2973331233620495
BETR401,BE,,50.46243,4.86526,fold2_france,pm25,5.629607617405634,9.357505315192077
BETR501,BE,,50.40931,4.45217,fold2_france,pm25,6.327620438581564,7.868178729853218
BETR502,BE,,50.429,4.45868,fold2_france,pm25,6.551092668302415,7.453336992874768
BETR503,BE,,50.40919,4.44849,fold2_france,pm25,7.373234742709466,8.398683405530114
BETR510,BE,,50.41643,4.52113,fold2_france,pm25,6.426505028210166,7.410137993552088
BETR511,BE,,50.37759,4.4247,fold2_france,pm25,6.180206069574063,7.487435721617219
BETR512,BE,,50.40781,4.3959,fold2_france,pm25,7.087843642311468,7.8034761054844815
BETR515,BE,,50.4516,4.42546,fold2_france,pm25,6.9893071264736415,8.708580001170935
BETR516,BE,,50.46913,4.48496,fold2_france,pm25,6.067437367136845,9.966564435276293
BETR701,BE,,51.05845,3.72925,fold2_france,pm25,8.94457414531005,9.568952163725335
BETR702,BE,,51.0408,3.7348,fold2_france,pm25,8.758883281175017,9.492189898432112
BETR710,BE,,51.06128,3.77526,fold2_france,pm25,8.980095165774797,7.509392298002021
BETR740,BE,,51.15014,3.80874,fold2_france,pm25,10.761876109207986,9.317906717450496
BETR750,BE,,51.19606,3.82292,fold2_france,pm25,9.296150907054507,8.844217078532642
BETR801,BE,,51.20966,4.43182,fold2_france,pm25,9.290511560241002,10.09183730013759
BETR802,BE,,51.20944,4.43166,fold2_france,pm25,9.687418954344373,10.115975854904379
BETR803,BE,,51.22864,4.42848,fold2_france,pm25,9.696551299947298,9.47748825652027
BETR804,BE,,51.2062,4.442,fold2_france,pm25,9.166773522994484,11.330969363170647
BETR805,BE,,51.20825,4.42154,fold2_france,pm25,10.321517769839101,10.77091874166108
BETR817,BE,,51.17719,4.41796,fold2_france,pm25,9.054353240108993,9.348657353541093
BETR818,BE,,51.21223,4.35048,fold2_france,pm25,8.68657465449298,10.854499409235517
BETR823,BE,,51.21324,4.24049,fold2_france,pm25,8.699221524621406,8.540124560792078
BETR834,BE,,51.09282,4.38137,fold2_france,pm25,8.134662021003452,9.500979618280816
BETR842,BE,,51.02037,4.48326,fold2_france,pm25,8.775122720856844,9.66145587070838
BETREG1,BE,,50.84357,4.36701,fold2_france,pm25,7.9673113612014115,10.98169640117489
BETZD01,BE,,51.2155,4.32592,fold2_france,pm25,9.294270358643665,8.43795064546709
BETZD08,BE,,51.22731,4.33152,fold2_france,pm25,8.814964784340926,10.361095719556845
FR01011,FR,,49.11944,6.18083,fold2_france,pm25,8.01300081665822,7.464587043403235
FR01020,FR,,49.35834,6.15694,fold2_france,pm25,7.005432011152149,7.23308581340048
FR01065,FR,,49.16778,5.38746,fold2_france,pm25,7.56422266514971,8.083134745759232
FR02008,FR,,43.40195,4.98192,fold2_france,pm25,8.056584717458959,6.440399416918127
FR02009,FR,,43.39378,4.80102,fold2_france,pm25,7.4243643364094005,5.653498916505946
FR02013,FR,,43.45893,4.93457,fold2_france,pm25,9.086471930076693,8.311207318098164
FR02020,FR,,43.5108,5.22005,fold2_france,pm25,9.129427275925028,7.058048560349475
FR02022,FR,,43.67511,4.62921,fold2_france,pm25,10.323604379505971,7.416604340562224
FR02041,FR,,43.639,5.1011,fold2_france,pm25,7.959308610087574,6.626900081012461
FR02043,FR,,43.41653,5.22228,fold2_france,pm25,9.83210736345418,9.902878478645246
FR03006,FR,,43.27645,5.39736,fold2_france,pm25,10.52713948506073,7.720951807059601
FR03014,FR,,43.34805,5.36012,fold2_france,pm25,8.975504510714616,6.868532160548643
FR03021,FR,,43.52407,5.44816,fold2_france,pm25,17.136111082991903,5.045440312454672
FR03027,FR,,43.3352,5.72737,fold2_france,pm25,7.138020357167234,4.78588626901143
FR03029,FR,,43.53029,5.44091,fold2_france,pm25,7.5742321198018,5.9937780979657544
FR03030,FR,,43.45358,5.46667,fold2_france,pm25,10.736700383339546,5.4536089055681245
FR03043,FR,,43.30529,5.39472,fold2_france,pm25,8.585518324443429,9.161613837929984
FR03064,FR,,43.1359,6.01151,fold2_france,pm25,8.270200538760491,6.890562001268722
FR03070,FR,,43.43787,6.76839,fold2_france,pm25,7.821898929066166,8.64809766322365
FR03071,FR,,43.13111,5.92418,fold2_france,pm25,7.588164565262998,5.561053986041916
FR03080,FR,,43.94967,4.80434,fold2_france,pm25,9.330763754873782,6.599176189171167
FR03091,FR,,43.9314,4.82688,fold2_france,pm25,12.85891452807887,10.902348723757813
FR04002,FR,,48.93032,2.29435,fold2_france,pm25,9.257534668570496,9.691497547230098
FR04004,FR,,48.89167,2.34667,fold2_france,pm25,7.560457724689745,8.852765640322165
FR04024,FR,,48.99083,2.44472,fold2_france,pm25,7.761727867450351,8.53108312719547
FR04031,FR,,48.86883,2.311585,fold2_france,pm25,9.161509230922613,9.065559607508739
FR04034,FR,,48.7759,2.37579,fold2_france,pm25,8.524690115643633,8.809670500301678
FR04048,FR,,49.10028,2.34389,fold2_france,pm25,6.430594152678391,8.198338903473466
FR04055,FR,,48.86212,2.34462,fold2_france,pm25,9.695216967580608,9.544942660756115
FR04058,FR,,48.92528,2.35667,fold2_france,pm25,13.713617616349303,9.598891794226821
FR04066,FR,,48.36417,2.23694,fold2_france,pm25,6.843961561644234,5.937124424163455
FR04122,FR,,48.52806,2.65361,fold2_france,pm25,9.579883203685451,7.243848220654599
FR04131,FR,,48.87333,2.33028,fold2_france,pm25,7.963950002102967,9.314418223570552
FR04150,FR,,48.89139,2.24056,fold2_france,pm25,8.234287739434048,11.544954325503555
FR04156,FR,,48.9025,2.4525,fold2_france,pm25,7.812827844668541,9.616200207245097
FR04173,FR,,48.8059,3.08416,fold2_france,pm25,8.899413628172647,7.46855603555059
FR04180,FR,,48.64093,2.26872,fold2_france,pm25,11.759762309169945,7.95649437236921
FR04181,FR,,48.63373,1.83053,fold2_france,pm25,7.392428179184051,8.481252571643184
FR04328,FR,,48.3547,2.6453,fold2_france,pm25,5.6765302238855515,6.690450603134467
FR04329,FR,,48.83862,2.41278,fold2_france,pm25,10.549255391481827,9.958990055267693
FR05087,FR,,49.49842,0.7587,fold2_france,pm25,9.133704016612343,6.684288764425354
FR05089,FR,,49.50019,0.1109,fold2_france,pm25,8.456207912849713,7.312676896640033
FR05090,FR,,49.51469,0.10065,fold2_france,pm25,8.833063536947275,7.255216039030232
FR06003,FR,,50.37822,3.06586,fold2_france,pm25,9.61651949207227,7.892939374200835
FR06006,FR,,50.36425,3.52273,fold2_france,pm25,9.48589925150152,9.04034286344214
FR06011,FR,,50.32276,3.39593,fold2_france,pm25,9.344725887627968,8.216247151738331
FR06133,FR,,50.09225,3.85003,fold2_france,pm25,8.23083447717975,6.701056809968462
FR07004,FR,,45.79728,3.11383,fold2_france,pm25,6.535996923360922,9.219809975580526
FR07022,FR,,46.65267,3.60067,fold2_france,pm25,5.815687577435285,8.268561635386249
FR07031,FR,,45.10472,3.27736,fold2_france,pm25,3.6470475714608974,6.405279913200213
FR07051,FR,,45.769,3.155,fold2_france,pm25,6.326298551780895,9.303235774006836
FR07052,FR,,44.92008,2.44108,fold2_france,pm25,5.198422816502433,6.452401791522127
FR07057,FR,,46.56197,3.34064,fold2_france,pm25,7.757608229430246,6.321204131568449
FR07058,FR,,46.34072,2.59395,fold2_france,pm25,7.281395908175569,7.067279837728828
FR07059,FR,,46.13043,3.42569,fold2_france,pm25,7.106229849147949,7.705269846055358
FR08016,FR,,43.5915,3.88681,fold2_france,pm25,9.295299351511021,9.96676023968594
FR08020,FR,,43.6758,4.08838,fold2_france,pm25,7.427470607672962,13.062617355920988
FR08030,FR,,43.6096,3.89878,fold2_france,pm25,8.666280908535478,9.744258983827473
FR08614,FR,,43.8344,4.3744,fold2_france,pm25,8.113508236808709,10.331309865557051
FR08714,FR,,42.6955,2.90053,fold2_france,pm25,7.6317363741902815,4.625920780976282
FR09003,FR,,46.16265,-1.15368,fold2_france,pm25,6.069542445841211,5.6783060344781235
FR09103,FR,,45.64743,0.16716,fold2_france,pm25,7.0808367729430834,6.829432074851884
FR09203,FR,,46.16163,-1.21123,fold2_france,pm25,7.4485604086991,5.80366589669028
FR09302,FR,,46.14323,-0.39591,fold2_france,pm25,6.346574674332613,6.746043508576206
FR09303,FR,,46.32003,-0.48286,fold2_france,pm25,7.126232344439555,7.147561986210908
FR09404,FR,,46.584,0.34558,fold2_france,pm25,7.609639029550307,7.035585683167041
FR10004,FR,,51.04858,2.42004,fold2_france,pm25,10.145759372672062,7.913204415775578
FR10016,FR,,50.94729,1.84308,fold2_france,pm25,9.359292440551787,8.64037560133224
FR10017,FR,,51.03276,2.33236,fold2_france,pm25,9.946705019104243,8.373085018334919
FR10030,FR,,50.71703,1.60591,fold2_france,pm25,9.799518108557777,8.62924814748835
FR10132,FR,,50.61048,1.99145,fold2_france,pm25,8.011840884036653,7.088530544032835
FR11038,FR,,50.73333,3.17361,fold2_france,pm25,9.970275096749516,8.067951808324816
FR12004,FR,,43.57569,1.41806,fold2_france,pm25,8.20464977680964,8.870510955378277
FR12020,FR,,43.6287,0.17907,fold2_france,pm25,5.165671962794929,6.966032131420533
FR12021,FR,,43.62361,1.43853,fold2_france,pm25,7.623981212486545,6.841660046318444
FR12030,FR,,43.58735,1.444,fold2_france,pm25,7.65022298936712,6.6505883140297035
FR12042,FR,,43.09625,-0.0405,fold2_france,pm25,7.267641263426823,7.368511124964575
FR12052,FR,,43.2303,0.06234,fold2_france,pm25,8.956675067936155,6.945472983386411
FR12053,FR,,43.6105,2.23015,fold2_france,pm25,8.541423393465301,7.282808504864411
FR12054,FR,,43.64394,1.46824,fold2_france,pm25,8.525019291910198,8.613501111793374
FR12085,FR,,43.61039,1.4152,fold2_france,pm25,10.263554562704345,8.286008805251207
FR12095,FR,,44.35699,2.5707,fold2_france,pm25,6.2376258707282615,6.533618660626469
FR14008,FR,,49.90778,4.63,fold2_france,pm25,6.253947827805326,6.246441449583148
FR14011,FR,,49.25073,4.02306,fold2_france,pm25,7.615330629998348,8.302044226144655
FR14012,FR,,49.22417,4.02056,fold2_france,pm25,9.139415272728028,9.27810946012959
FR14028,FR,,49.0461,3.95591,fold2_france,pm25,6.559738607318714,7.329042661050465
FR14033,FR,,48.295,4.05028,fold2_france,pm25,5.932301359740169,7.896245626271667
FR14042,FR,,48.64584,4.96611,fold2_france,pm25,6.945662161182336,7.020314558912984
FR15038,FR,,45.1828,5.7531,fold2_france,pm25,9.96406028507816,8.198874704285636
FR15043,FR,,45.1619,5.7356,fold2_france,pm25,9.050380574473046,8.531402159723472
FR15048,FR,,45.2797,5.8822,fold2_france,pm25,9.475824788493494,9.10862712082564
FR15053,FR,,45.15467,5.74523,fold2_france,pm25,9.608914106151332,8.820864211451585
FR16066,FR,,47.73742,7.30908,fold2_france,pm25,8.626749812868034,6.605208374429792
FR16302,FR,,48.49299,7.1298,fold2_france,pm25,4.233480895097938,5.799551607006149
FR18039,FR,,50.12945,1.61083,fold2_france,pm25,8.793301285971674,7.24676583175306
FR18042,FR,,49.85133,3.284,fold2_france,pm25,9.086063228597654,7.3384510400765475
FR18043,FR,,49.25955,2.4744,fold2_france,pm25,8.854467520630106,7.768736273507099
FR18053,FR,,49.90167,2.3046,fold2_france,pm25,8.147181984635381,6.97665053974442
FR18057,FR,,49.17493,3.26082,fold2_france,pm25,8.020096914858073,8.288789082996939
FR18058,FR,,49.61563,1.96326,fold2_france,pm25,8.300293555119849,7.301061410866608
FR18080,FR,,49.84282,3.28144,fold2_france,pm25,10.100717184024989,8.017161986801945
FR18089,FR,,49.43593,2.08429,fold2_france,pm25,10.072995776411277,7.322164186352623
FR19002,FR,,48.10861,-1.66586,fold2_france,pm25,7.684085731913378,7.528438980028825
FR19012,FR,,48.38618,-4.4866,fold2_france,pm25,7.962562656203236,5.985586837270331
FR19014,FR,,48.39746,-4.48871,fold2_france,pm25,7.8382769052794545,6.887556731548724
FR19020,FR,,48.26196,-2.94363,fold2_france,pm25,5.3742955492157565,6.7825338526309675
FR19032,FR,,47.7425,-3.39501,fold2_france,pm25,7.685837909418149,7.400958919254742
FR19033,FR,,47.64892,-2.76399,fold2_france,pm25,7.826339526088319,6.358034364868198
FR19037,FR,,47.75895,-3.36938,fold2_france,pm25,8.138652302330563,7.334084458909023
FR19039,FR,,48.11521,-1.67309,fold2_france,pm25,8.185233024580091,7.18410388027874
FR19053,FR,,47.98661,-4.09766,fold2_france,pm25,6.8740929930158705,7.607589191261081
FR19061,FR,,48.51351,-2.74953,fold2_france,pm25,6.587389080495544,6.852647842306422
FR19082,FR,,48.65306,-2.00268,fold2_france,pm25,7.979990780712337,6.94364626012272
FR20013,FR,,45.72002,4.81816,fold2_france,pm25,11.0319415129824,10.104285784798227
FR20017,FR,,45.73529,4.82979,fold2_france,pm25,10.001421882377896,8.472264788863312
FR20048,FR,,45.7533,5.0722,fold2_france,pm25,8.645068480582896,10.430593068032735
FR20062,FR,,45.75773,4.85421,fold2_france,pm25,9.518655016993037,9.21603626515512
FR20077,FR,,45.99011,4.71557,fold2_france,pm25,9.03593087867281,7.0673952561603155
FR21001,FR,,49.19222,-0.39111,fold2_france,pm25,6.888485822462278,7.4027739887868105
FR21031,FR,,48.44555,0.11083,fold2_france,pm25,6.821870725256614,6.797309375359688
FR21038,FR,,49.64225,-1.62436,fold2_france,pm25,7.9018418743337415,7.871579848215134
FR21039,FR,,49.63389,-1.62472,fold2_france,pm25,6.474146112746764,8.332915760707907
FR21050,FR,,48.645,-0.45833,fold2_france,pm25,5.691962474226551,5.718607782497348
FR22054,FR,,49.18742,6.91087,fold2_france,pm25,6.741750062050317,6.857125226581408
FR23003,FR,,47.3227,-2.03924,fold2_france,pm25,7.252752736790559,6.603842755438105
FR23068,FR,,47.24735,-1.93652,fold2_france,pm25,7.2188637122527375,9.471990468177326
FR23070,FR,,47.28313,-1.78308,fold2_france,pm25,6.831229696276664,6.276733783297786
FR23107,FR,,47.25278,-1.57333,fold2_france,pm25,7.488143523418687,6.932801549932261
FR23110,FR,,47.26411,-2.25015,fold2_france,pm25,7.521424790961619,6.807258687003967
FR23120,FR,,47.4685,-0.55593,fold2_france,pm25,7.427740967351103,7.93455894822797
FR23123,FR,,48.0693,-0.76813,fold2_france,pm25,7.673693415438762,7.410322187498074
FR23124,FR,,46.65662,-0.74338,fold2_france,pm25,6.656989583332735,6.546938881016002
FR23152,FR,,46.66065,-1.43686,fold2_france,pm25,7.465773965091244,8.099384644643623
FR23177,FR,,47.78833,-0.44476,fold2_france,pm25,6.9855862458279425,7.790703640349324
FR23178,FR,,47.31889,-2.06688,fold2_france,pm25,6.410487872318509,6.427047603918019
FR23182,FR,,47.97115,0.22136,fold2_france,pm25,7.269209946477816,6.45959993200953
FR23188,FR,,47.22219,-1.53743,fold2_france,pm25,7.592988218885191,6.401095968281907
FR23238,FR,,47.19416,-1.58169,fold2_france,pm25,8.009822159011375,8.41680678454737
FR23239,FR,,47.18594,-1.5915,fold2_france,pm25,8.419172541327686,7.457713471284112
FR23249,FR,,47.32113,-2.12734,fold2_france,pm25,7.401277277183596,7.397523205135655
FR23251,FR,,47.23356,-1.56481,fold2_france,pm25,8.601128612392964,6.752079112618332
FR23252,FR,,48.07104,-0.76699,fold2_france,pm25,6.902154854192134,7.372686572731324
FR24009,FR,,43.55839,7.00592,fold2_france,pm25,8.911877982826635,8.812836272787887
FR24018,FR,,43.83578,5.78613,fold2_france,pm25,7.581698899014681,6.115199772644378
FR24021,FR,,43.78658,7.37328,fold2_france,pm25,10.832026619847822,9.673052767291495
FR24033,FR,,44.5552,6.07302,fold2_france,pm25,10.468571507497064,9.07404921177873
FR24035,FR,,43.68929,7.24207,fold2_france,pm25,9.35259176788301,10.505711898744336
FR24036,FR,,43.70208,7.28626,fold2_france,pm25,9.2035823848281,6.047803934407228
FR24038,FR,,44.54865,6.06724,fold2_france,pm25,9.07153220562787,9.609196842266957
FR24039,FR,,43.93348,5.71181,fold2_france,pm25,4.267820945688487,7.317533646270936
FR25036,FR,,49.44236,1.09379,fold2_france,pm25,9.024317741813634,9.405064635974439
FR25039,FR,,49.02134,1.14832,fold2_france,pm25,7.283720146079277,8.152002658106385
FR25043,FR,,49.4005,1.09904,fold2_france,pm25,8.172874475560723,7.1907611011238926
FR25049,FR,,49.30487,1.21437,fold2_france,pm25,7.7891989988720365,7.915998302039581
FR25051,FR,,49.91801,1.07397,fold2_france,pm25,10.122211801267772,8.244585704131918
FR25053,FR,,49.4367,1.09884,fold2_france,pm25,8.496652585834006,9.451592281688601
FR25055,FR,,49.92049,1.04789,fold2_france,pm25,8.022668717380569,7.452762650873469
FR26005,FR,,47.30737,5.06588,fold2_france,pm25,6.223207662830598,8.072948611291341
FR26012,FR,,47.27476,4.09948,fold2_france,pm25,4.310619874048486,6.15974394865453
FR26017,FR,,46.99683,3.17109,fold2_france,pm25,5.713191397494957,6.510058367983574
FR26019,FR,,47.80058,3.57619,fold2_france,pm25,7.309749340577323,7.6256050686879595
FR26094,FR,,47.35137,5.07071,fold2_france,pm25,6.769093661532605,8.59030671819714
FR27007,FR,,45.60822,5.27087,fold2_france,pm25,8.044117138180804,8.995678333811155
FR27011,FR,,45.34408,4.80748,fold2_france,pm25,9.63457678233672,9.512399755098603
FR28010,FR,,50.44914,2.9,fold2_france,pm25,7.548919214109747,8.368247339567201
FR28022,FR,,50.30886,2.80737,fold2_france,pm25,7.489748190999409,8.47567928184686
FR28028,FR,,50.53539,2.63569,fold2_france,pm25,8.52668684165231,8.033182530801916
FR29424,FR,,45.42009,4.39542,fold2_france,pm25,8.148365120332315,9.245603964937576
FR29426,FR,,45.47533,4.515,fold2_france,pm25,8.866272045231769,9.520457766406354
FR30019,FR,,48.17265,6.45282,fold2_france,pm25,8.308861319608049,6.519887703828511
FR30026,FR,,48.58482,6.4839,fold2_france,pm25,8.24109846825238,7.263674290274924
FR30033,FR,,49.06583,5.78556,fold2_france,pm25,8.144191082073213,7.9994952452920245
FR30034,FR,,48.68817,6.19043,fold2_france,pm25,8.141282178224113,8.121014785487887
FR30036,FR,,48.69708,6.15419,fold2_france,pm25,8.637969086692275,7.155532461234694
FR31002,FR,,44.80046,-0.5894,fold2_france,pm25,8.158656800713294,6.626530290167634
FR31007,FR,,44.90029,-0.51584,fold2_france,pm25,8.59034725984535,5.974190527784708
FR31013,FR,,43.3108,-0.39154,fold2_france,pm25,7.532962770334459,6.666196714276472
FR31017,FR,,43.49404,-1.52875,fold2_france,pm25,13.42470232091164,5.542797087420339
FR31033,FR,,45.18982,0.72718,fold2_france,pm25,7.772314059692628,6.6861688486397
FR31043,FR,,43.47024,-1.55388,fold2_france,pm25,5.501036404365445,5.326565496275904
FR31045,FR,,44.83382,-0.59853,fold2_france,pm25,7.76577252316653,6.578721629442439
FR31055,FR,,43.88897,-0.50703,fold2_france,pm25,8.761931607450741,6.065611384706639
FR32001,FR,,46.78231,4.84732,fold2_france,pm25,8.402649456046698,6.776416254287003
FR32002,FR,,46.82106,4.83508,fold2_france,pm25,7.272356179101483,7.660907532813758
FR32005,FR,,46.67878,4.36689,fold2_france,pm25,7.072099475881408,6.707438331672028
FR32006,FR,,46.31617,4.83999,fold2_france,pm25,6.179472570987156,8.329593135048055
FR33101,FR,,45.56472,5.92833,fold2_france,pm25,7.636141301230723,8.31485264659709
FR33121,FR,,45.675,6.38972,fold2_france,pm25,8.42260970012971,9.231926773036525
FR33201,FR,,45.89528,6.11833,fold2_france,pm25,7.942851426239482,7.712313518083066
FR33211,FR,,46.19583,6.24056,fold2_france,pm25,8.109985301703388,7.953757084756043
FR33212,FR,,46.19364,6.21453,fold2_france,pm25,8.403892254938809,7.586038198190863
FR33220,FR,,45.92361,6.71361,fold2_france,pm25,12.790952813429852,12.651667604890276
FR33305,FR,,46.21167,5.22639,fold2_france,pm25,7.551971614142948,7.221327697621987
FR34024,FR,,47.34414,0.65378,fold2_france,pm25,7.106089602717371,8.292853361170295
FR34028,FR,,47.39464,0.70486,fold2_france,pm25,6.860842440862875,8.132562149343988
FR34029,FR,,47.83775,1.94467,fold2_france,pm25,6.940730035226358,7.705515764674955
FR34032,FR,,47.08278,2.40533,fold2_france,pm25,7.113430981705668,6.743159504489954
FR34038,FR,,46.81469,2.61007,fold2_france,pm25,5.477569245387937,7.3146634694623085
FR34041,FR,,48.44442,1.51014,fold2_france,pm25,7.263272384299971,7.26380658835218
FR34046,FR,,48.72969,1.35847,fold2_france,pm25,7.0262746377101655,6.659951765273826
FR34048,FR,,48.44916,1.49247,fold2_france,pm25,6.335219459914254,6.971536625677959
FR34051,FR,,46.79828,1.69314,fold2_france,pm25,6.967611894570791,6.524267039593763
FR34061,FR,,47.59426,1.30267,fold2_france,pm25,7.016916674655141,7.224011878139098
FR34063,FR,,47.58654,1.32653,fold2_france,pm25,6.6420167766780684,6.91482386571994
FR34064,FR,,48.00694,2.74011,fold2_france,pm25,6.916817231062124,6.8309787798134805
FR34066,FR,,48.00145,2.72618,fold2_france,pm25,6.871569833093206,7.409606359200299
FR34067,FR,,47.9103,1.87343,fold2_france,pm25,8.717967850514095,6.799883002663901
FR35007,FR,,45.87331,1.30792,fold2_france,pm25,9.756946996535532,7.125950275839996
FR35027,FR,,45.8422,1.25969,fold2_france,pm25,6.717573123135352,6.554082472546347
FR36002,FR,,44.93351,4.89348,fold2_france,pm25,9.726118417576842,9.732843696607407
FR36019,FR,,45.0425,5.0443,fold2_france,pm25,11.07516419271911,12.865308901771447
FR36021,FR,,44.56944,5.27897,fold2_france,pm25,4.823279491137025,7.914060463055391
FR41001,FR,,41.92469,8.73569,fold2_france,pm25,9.14026165561952,4.635230875623997
FR41002,FR,,42.69792,9.44642,fold2_france,pm25,7.3870170638715065,8.103574972565331
FR41017,FR,,42.67133,9.43464,fold2_france,pm25,8.136610633801343,7.698622141171392
FR41024,FR,,42.23603,9.19003,fold2_france,pm25,4.116580031769429,5.141531562177698
FR42010,FR,,48.57281,7.76783,fold2_france,pm25,9.351613509725507,7.529840726746934
FR42011,FR,,48.81835,7.78641,fold2_france,pm25,7.94317726359508,8.207268492240937
FR50060,FR,,44.01286,1.37531,fold2_france,pm25,8.275912227913851,7.332558403287373
FR50225,FR,,43.61161,3.82787,fold2_france,pm25,13.472348091406772,10.672567389853004
FR82006,FR,,47.2474,6.01542,fold2_france,pm25,6.279723526426875,6.333429644301791
FR82010,FR,,47.51031,6.794,fold2_france,pm25,9.000102178494611,6.916359278577066
FR82040,FR,,47.09672,5.49639,fold2_france,pm25,7.769587445413417,6.73269165338844
FR82050,FR,,46.67132,5.55662,fold2_france,pm25,5.541840411315211,6.852952478100079
FR82060,FR,,47.62002,6.15764,fold2_france,pm25,7.090162226962905,6.818991487935235
FR82070,FR,,47.35129,6.35972,fold2_france,pm25,7.395095921161774,6.886140171112509
LU0101A,LU,,49.59801,6.137825,fold2_france,pm25,7.424579094319753,8.121211479407846
LU0102A,LU,,49.50528,5.97668,fold2_france,pm25,7.601539777381315,10.438889873738525
LU0105A,LU,,49.72226,6.30533,fold2_france,pm25,7.116976858722378,8.345939525985086
LU0109A,LU,,49.61157,6.11847,fold2_france,pm25,7.782848122295671,8.804611528963681
NL00007,NL,,52.38111,4.84501,fold2_france,pm25,8.87421527755038,8.284591956527887
NL00012,NL,,52.39,4.88806,fold2_france,pm25,8.465266530989956,10.88861691364448
NL00014,NL,,52.36,4.8089,fold2_france,pm25,8.7275447074678,11.575299386662559
NL00016,NL,,52.393515,4.87008,fold2_france,pm25,8.557732803003624,8.250946108667565
NL00017,NL,,52.35806,4.9,fold2_france,pm25,10.081590343893772,9.445296904450142
NL00131,NL,,51.54052,5.85309,fold2_france,pm25,8.785189975937344,9.144393498375932
NL00136,NL,,50.88796,5.97053,fold2_france,pm25,7.44436259656523,9.84577726257609
NL00138,NL,,50.90032,5.98685,fold2_france,pm25,7.717752492120902,9.50925550384512
NL00230,NL,,51.51894,5.148675000000001,fold2_france,pm25,10.815766853043192,9.974608202725152
NL00240,NL,,51.59354,4.82499,fold2_france,pm25,8.414217400875536,9.016512439335678
NL00241,NL,,51.603205,4.780935,fold2_france,pm25,9.877986209684023,9.479802356812394
NL00247,NL,,51.40737,5.39333,fold2_france,pm25,9.803150634905794,8.023198367287126
NL00404,NL,,52.07715,4.28919,fold2_france,pm25,7.860678072769326,9.292182235388085
NL00418,NL,,51.91423,4.48,fold2_france,pm25,7.980246792589475,9.503775985199935
NL00444,NL,,52.29656,4.51082,fold2_france,pm25,7.587770328560498,14.326864186532779
NL00449,NL,,51.91488,4.32943,fold2_france,pm25,9.284814210186148,10.745788963330599
NL00450,NL,,52.06254,4.31855,fold2_france,pm25,9.69984272683524,10.239693030422607
NL00485,NL,,51.86676,4.35526,fold2_france,pm25,8.530045114280664,9.179154982074747
NL00487,NL,,51.89115,4.48069,fold2_france,pm25,9.47451053655098,8.65678146106647
NL00488,NL,,51.89363,4.48753,fold2_france,pm25,8.631057449667553,9.549088669497129
NL00489,NL,,51.86943,4.58006,fold2_france,pm25,8.69070516008858,10.14999911788831
NL00491,NL,,51.93859,4.43071,fold2_france,pm25,8.796633688194179,10.338125418720729
NL00493,NL,,51.92711,4.46134,fold2_france,pm25,8.369808464978139,8.629069244499682
NL00494,NL,,51.92125,4.40139,fold2_france,pm25,8.790007007250878,9.615745853533987
NL00495,NL,,51.93204,4.22803,fold2_france,pm25,7.974487959611224,9.11978441409451
NL00496,NL,,51.97783,4.1219,fold2_france,pm25,8.988457338595786,10.345182889857783
NL00538,NL,,52.80366,5.05051,fold2_france,pm25,7.3465219269051305,11.090840450154776
NL00551,NL,,52.46302,4.60192,fold2_france,pm25,8.151879003898634,10.144874218046231
NL00553,NL,,52.494,4.60238,fold2_france,pm25,8.554342319087336,9.277256989284815
NL00556,NL,,52.56359,4.8617,fold2_france,pm25,6.50720104021442,8.025478815041035
NL00561,NL,,52.33362,4.77347,fold2_france,pm25,8.561081501821105,10.816177901993855
NL00570,NL,,52.48927,4.64054,fold2_france,pm25,9.615849125954469,8.825182666597135
NL00572,NL,,52.4744,4.62853,fold2_france,pm25,11.078642428987886,9.417325189896482
NL00573,NL,,52.478,4.57877,fold2_france,pm25,12.613149644725187,10.467495426185817
NL00636,NL,,52.10506,5.12446,fold2_france,pm25,9.36670608633167,8.471138029038121
NL00641,NL,,52.20153,4.98744,fold2_france,pm25,10.245165151695895,9.08131169450881
NL00643,NL,,52.10133,5.12821,fold2_france,pm25,9.55061351842231,8.894804635036019
NL00644,NL,,51.97449,4.9233,fold2_france,pm25,9.443185697994002,10.78847551567517
NL00701,NL,,52.45,4.81667,fold2_france,pm25,8.196569262222196,9.769301674599525
NL00703,NL,,52.399285,4.7292950000000005,fold2_france,pm25,8.153389383466305,8.69057814565165
NL00704,NL,,52.43,4.77,fold2_france,pm25,7.5012004114433,10.585468146930282
NL00738,NL,,52.11162,5.70842,fold2_france,pm25,8.004536947002423,8.385561085967323
NL00741,NL,,51.84138,5.85778,fold2_france,pm25,10.652229811756227,10.367955029194134
NL00742,NL,,51.83822,5.85694,fold2_france,pm25,8.551209282004766,9.017203671477448
NL00821,NL,,52.2345,6.91949,fold2_france,pm25,7.0056476434027095,8.094853879065283
NL00934,NL,,53.33043,6.27694,fold2_france,pm25,6.532215045339446,12.684781923235319
NL00937,NL,,53.21783,6.5789,fold2_france,pm25,8.025880242696148,8.530793623176612
NL00938,NL,,53.24653,6.60894,fold2_france,pm25,7.169024328136701,8.029153726973423
NL01497,NL,,51.93352,3.99972,fold2_france,pm25,7.656129738425985,8.539513983838267
NL01912,NL,,51.86169,4.56377,fold2_france,pm25,8.504342478245496,10.190206609230083
NL01913,NL,,51.27938,3.83859,fold2_france,pm25,9.845802267408788,12.909532748239602
NL10248,NL,,51.69816,5.54332,fold2_france,pm25,10.147642268016465,10.109551433110605
NL49557,NL,,52.49005,4.59931,fold2_france,pm25,10.206921131611365,8.976639344355547
